0.544154
0.21413
0.000188303
0
-0.158902
0.399916
-0.00024762
0
-0.00027181
1.0455e-05
0.498913
0
0.0213317
-0.0340453
-0.00146249
1
0.512645
0.287727
0.000502465
0
-0.212387
0.378385
-0.000114406
0
-0.000433533
-0.000106309
0.501186
0
0.605831
-0.0757578
-0.00079295
1
0.512651
0.287754
0.000503494
0
-0.212412
0.378402
-0.000113383
0
-0.000434181
-0.000106465
0.501202
0
0.606878
-0.0754477
-0.00078842
1
0.512818
0.287709
0.000509592
0
-0.212409
0.378604
-0.000106692
0
-0.00043859
-0.000107329
0.501304
0
0.613156
-0.0731692
-0.000759393
1
0.513302
0.286827
0.000508872
0
-0.211754
0.378955
-0.000107264
0
-0.000438315
-0.000106385
0.501297
0
0.610826
-0.0722997
-0.000768334
1
0.515445
0.282874
0.000505602
0
-0.208822
0.380514
-0.000109753
0
-0.000437166
-0.000102073
0.501263
0
0.600407
-0.0683316
-0.000808239
1
0.515959
0.281916
0.000504789
0
-0.208111
0.380887
-0.000110392
0
-0.000436944
-0.000101
0.501255
0
0.597887
-0.0673519
-0.000817686
1
0.518995
0.276245
0.000503028
0
-0.203919
0.383116
-0.000111591
0
-0.000436895
-9.56971e-05
0.501238
0
0.581825
-0.0616575
-0.000848264
1
0.523926
0.26691
0.000507495
0
-0.197049
0.386794
-0.000107562
0
-0.000440874
-8.89841e-05
0.50129
0
0.552566
-0.0523854
-0.000832707
1
0.529112
0.256494
0.00050768
0
-0.189362
0.390628
-0.00010716
0
-0.000442479
-8.00751e-05
0.501297
0
0.519497
-0.0415863
-0.000828296
1
0.535173
0.243297
0.000496747
0
-0.179586
0.395019
-0.00011575
0
-0.000438199
-6.58911e-05
0.501192
0
0.476465
-0.0274513
-0.00085032
1
0.541118
0.229438
0.000484733
0
-0.169328
0.399318
-0.000125034
0
-0.000433319
-5.10607e-05
0.501082
0
0.431534
-0.0118125
-0.000871271
1
0.547512
0.213306
0.000469591
0
-0.1574
0.403929
-0.00013675
0
-0.00042657
-3.29986e-05
0.500951
0
0.379024
0.00632614
-0.000891358
1
0.553372
0.197233
0.000456695
0
-0.145531
0.408162
-0.000146639
0
-0.000420711
-1.59647e-05
0.500845
0
0.327216
0.0253697
-0.000903398
1
0.559264
0.179674
0.000449469
0
-0.132587
0.41247
-0.000151714
0
-0.000417435
7.7486e-07
0.5008
0
0.270651
0.0455261
-0.000893325
1
0.564755
0.161531
0.000446167
0
-0.11922
0.41651
-0.000153817
0
-0.000415865
1.63671e-05
0.500789
0
0.212818
0.0674289
-0.000875443
1
0.569827
0.143031
0.000455121
0
-0.105593
0.420327
-0.000146942
0
-0.000420619
2.84705e-05
0.500876
0
0.153778
0.0886711
-0.000836253
1
0.574547
0.123386
0.000469233
0
-0.0911105
0.423915
-0.000136398
0
-0.000427663
3.97433e-05
0.500998
0
0.0916283
0.112233
-0.000792712
1
0.578556
0.10426
0.000494954
0
-0.0769899
0.427039
-0.000118019
0
-0.000441384
4.67151e-05
0.50119
0
0.0307319
0.133818
-0.000744879
1
0.581643
0.0861635
0.000506954
0
-0.0636217
0.429401
-0.000109069
0
-0.000446567
5.75334e-05
0.501287
0
-0.0263514
0.155669
-0.000718445
1
0.583821
0.0681815
0.000480369
0
-0.050381
0.43087
-0.000126913
0
-0.000428854
7.95294e-05
0.501119
0
-0.0836375
0.176984
-0.000745595
1
0.585461
0.0504712
0.000459191
0
-0.0373477
0.431979
-0.000140715
0
-0.000413824
9.88133e-05
0.500992
0
-0.139367
0.199256
-0.000763565
1
0.586616
0.0343824
0.000455151
0
-0.025486
0.432832
-0.000141816
0
-0.000408018
0.000111299
0.500986
0
-0.190401
0.219014
-0.000756502
1
0.587343
0.0190465
0.000455667
0
-0.014169
0.433394
-0.00013867
0
-0.0004047
0.000120571
0.501011
0
-0.238536
0.23877
-0.000745326
1
0.587753
0.00510885
0.000467621
0
-0.00385229
0.433781
-0.000124816
0
-0.000408115
0.000122745
0.501113
0
-0.282507
0.256488
-0.000725746
1
0.587849
-0.00517185
0.000480385
0
0.00376378
0.433913
-0.00011426
0
-0.000413889
0.000124317
0.501191
0
-0.314663
0.27004
-0.000719219
1
0.587799
-0.0137389
0.000499501
0
0.0101165
0.433933
-0.000104813
0
-0.000425417
0.000125691
0.501263
0
-0.341557
0.281208
-0.000730366
1
0.587659
-0.0207158
0.000512549
0
0.0152893
0.433867
-9.92194e-05
0
-0.000432979
0.000128834
0.501315
0
-0.363305
0.29056
-0.000734061
1
0.587527
-0.024393
0.000512469
0
0.0180074
0.433775
-0.000102449
0
-0.000431802
0.000135856
0.501322
0
-0.374845
0.295387
-0.000720114
1
0.588025
-0.00410782
0.000511813
0
0.00303295
0.434147
-0.000104699
0
-0.0004354
0.000123903
0.501327
0
-0.366603
0.266407
-0.000709265
1
0.588025
-0.00410783
0.000511784
0
0.00303293
0.434147
-0.000104696
0
-0.000435416
0.000123911
0.501327
0
-0.366603
0.266407
-0.000709206
1
0.587976
0.00155084
0.000512318
0
-0.00116447
0.434074
-0.000106605
0
-0.000436516
0.000117909
0.501278
0
-0.362106
0.258628
-0.000746906
1
0.587559
0.017168
0.000513869
0
-0.0127451
0.43366
-0.000112055
0
-0.000439452
0.00010146
0.501142
0
-0.349231
0.237443
-0.000850856
1
0.586513
0.0366843
0.000515301
0
-0.0271926
0.432789
-0.000116915
0
-0.000442287
8.24258e-05
0.50102
0
-0.332299
0.211443
-0.000944644
1
0.583613
0.0679805
0.000516488
0
-0.0503112
0.430578
-0.000120247
0
-0.000445926
5.59371e-05
0.500939
0
-0.30319
0.17085
-0.00100672
1
0.581528
0.084025
0.000516636
0
-0.0621466
0.429041
-0.000120036
0
-0.000447423
4.39137e-05
0.500946
0
-0.287301
0.150591
-0.00100195
1
0.577356
0.109818
0.000515451
0
-0.0811479
0.426049
-0.000115553
0
-0.000449762
2.78056e-05
0.501059
0
-0.260443
0.118738
-0.000915468
1
0.572674
0.132633
0.000514165
0
-0.0979614
0.422674
-0.000111327
0
-0.000451349
1.3357e-05
0.50116
0
-0.235066
0.0915849
-0.000838339
1
0.567402
0.154081
0.000512727
0
-0.113774
0.418861
-0.000107279
0
-0.000452241
-4.91738e-07
0.501256
0
-0.209805
0.0669734
-0.000764906
1
0.562238
0.172256
0.000511676
0
-0.127179
0.415104
-0.000104487
0
-0.000452526
-1.27852e-05
0.501323
0
-0.187278
0.0468763
-0.000713527
1
0.559481
0.180944
0.000512037
0
-0.133596
0.413054
-0.000105483
0
-0.000452259
-2.01389e-05
0.501306
0
-0.176076
0.0376612
-0.000725687
1
0.556813
0.188721
0.000503896
0
-0.139365
0.411044
-0.000108816
0
-0.000447198
-2.52444e-05
0.501244
0
-0.160797
0.0276446
-0.0007447
1
0.554698
0.194007
0.000470814
0
-0.143361
0.409359
-0.000119306
0
-0.000428529
-2.38921e-05
0.501052
0
-0.133851
0.0150506
-0.000782788
1
0.5521
0.199552
0.000409099
0
-0.147634
0.407155
-0.000142427
0
-0.00039437
-1.82986e-05
0.500635
0
-0.0992
0.00134468
-0.000898123
1
0.548059
0.206421
0.000269951
0
-0.153079
0.403396
-0.000202827
0
-0.000317722
-2.17929e-07
0.499602
0
-0.0411698
-0.0161699
-0.00122595
1
0.543932
0.214715
0.000190194
0
-0.159323
0.399747
-0.000247892
0
-0.000272855
9.78261e-06
0.498914
0
0.0257569
-0.0354524
-0.00146443
1
0.53968
0.225563
0.00022534
0
-0.167119
0.396528
-0.0002518
0
-0.000292233
-3.85568e-06
0.498947
0
0.108481
-0.0584049
-0.00150254
1
0.535859
0.235778
0.00028518
0
-0.174405
0.393923
-0.000235271
0
-0.000323055
-2.12658e-05
0.499288
0
0.185335
-0.0757546
-0.00140336
1
0.531889
0.248138
0.000415168
0
-0.183254
0.391933
-0.000165273
0
-0.000391689
-5.31878e-05
0.500429
0
0.275068
-0.0929379
-0.000955701
1
0.527154
0.260025
0.000496573
0
-0.19197
0.389035
-0.000117265
0
-0.000436383
-8.29119e-05
0.501127
0
0.365166
-0.10065
-0.000689447
1
0.521269
0.269492
0.000436344
0
-0.198829
0.384005
-0.000170656
0
-0.00039727
-8.19042e-05
0.500307
0
0.445076
-0.094937
-0.00108412
1
0.516337
0.277711
0.000407834
0
-0.204726
0.380026
-0.000201622
0
-0.000375096
-8.20067e-05
0.499861
0
0.512761
-0.0871024
-0.00131598
1
0.514135
0.283307
0.000454182
0
-0.20895
0.378921
-0.000161098
0
-0.00040245
-9.41791e-05
0.500479
0
0.557072
-0.0840229
-0.00105783
1
0.51256
0.287348
0.000489032
0
-0.212048
0.378153
-0.000128275
0
-0.000424266
-0.000104165
0.500969
0
0.59155
-0.0799046
-0.000856996
1
0.512637
0.287694
0.000501367
0
-0.212358
0.378365
-0.000115626
0
-0.000432733
-0.000106102
0.501167
0
0.604584
-0.0761259
-0.000798732
1
0.513354
0.286731
0.000508787
0
-0.211683
0.378994
-0.000107307
0
-0.000438374
-0.000106268
0.501296
0
0.610574
-0.0722046
-0.000769317
1
0.516092
0.281667
0.000504527
0
-0.207927
0.380984
-0.000110539
0
-0.000436854
-0.000100769
0.501253
0
0.597231
-0.0670958
-0.0008201
1
0.519037
0.276167
0.0005031
0
-0.203862
0.383147
-0.000111576
0
-0.000436922
-9.5671e-05
0.501239
0
0.58158
-0.0615826
-0.000848174
1
0.523866
0.267025
0.000507504
0
-0.197134
0.386749
-0.000107611
0
-0.000440804
-8.90736e-05
0.501289
0
0.552926
-0.0525036
-0.000833064
1
0.529132
0.256453
0.000507598
0
-0.189332
0.390642
-0.000107203
0
-0.000442442
-8.00546e-05
0.501297
0
0.519362
-0.0415447
-0.000828147
1
0.535243
0.243138
0.000496624
0
-0.179468
0.39507
-0.000115888
0
-0.000438163
-6.57011e-05
0.501191
0
0.47595
-0.0272736
-0.000850469
1
0.541355
0.228865
0.000484222
0
-0.168904
0.399489
-0.00012546
0
-0.000433107
-5.03585e-05
0.501077
0
0.429657
-0.0112
-0.000871986
1
0.547483
0.213384
0.000469666
0
-0.157457
0.403908
-0.000136741
0
-0.000426653
-3.30471e-05
0.500952
0
0.379275
0.00623465
-0.000891268
1
0.553444
0.197028
0.000456559
0
-0.14538
0.408215
-0.000146652
0
-0.000420674
-1.57952e-05
0.500844
0
0.32655
0.0255928
-0.000903219
1
0.559629
0.17852
0.00044908
0
-0.131736
0.412737
-0.00015202
0
-0.000417245
1.84402e-06
0.500797
0
0.266965
0.0469254
-0.000892788
1
0.564853
0.161196
0.000446346
0
-0.118973
0.416584
-0.000153711
0
-0.000415976
1.65924e-05
0.50079
0
0.21174
0.0677928
-0.000874758
1
0.569952
0.142543
0.000455343
0
-0.105233
0.420421
-0.000146732
0
-0.000420688
2.88226e-05
0.500878
0
0.152235
0.0892626
-0.00083515
1
0.574439
0.123864
0.000468622
0
-0.0914631
0.423831
-0.000136832
0
-0.000427412
3.95887e-05
0.500993
0
0.0931646
0.111724
-0.000794023
1
0.578472
0.104694
0.000494428
0
-0.0773102
0.426974
-0.000118405
0
-0.000441088
4.65605e-05
0.501185
0
0.0320996
0.133302
-0.000746071
1
0.581768
0.0852454
0.00050564
0
-0.0629452
0.429486
-0.000109956
0
-0.00044566
5.86584e-05
0.501278
0
-0.0293044
0.156707
-0.000719994
1
0.58386
0.0678122
0.000479748
0
-0.0501093
0.430895
-0.000127232
0
-0.000428417
7.99261e-05
0.501116
0
-0.0848017
0.177444
-0.00074622
1
0.585456
0.0505266
0.000459196
0
-0.0373886
0.431975
-0.0001407
0
-0.000413811
9.87891e-05
0.500992
0
-0.139189
0.199191
-0.000763416
1
0.586621
0.0342966
0.000455063
0
-0.0254227
0.432836
-0.000141799
0
-0.000408009
0.00011134
0.500986
0
-0.190671
0.219124
-0.000756383
1
0.587327
0.0194275
0.00045538
0
-0.0144509
0.43338
-0.00013905
0
-0.000404741
0.000120569
0.501008
0
-0.237323
0.238302
-0.000746012
1
0.587714
0.00713864
0.000465906
0
-0.00535519
0.43374
-0.000126883
0
-0.000407645
0.000122471
0.501098
0
-0.276148
0.253833
-0.000728458
1
0.587847
-0.00446844
0.000478877
0
0.00324231
0.433908
-0.000115072
0
-0.000412863
0.000124188
0.501185
0
-0.312442
0.269143
-0.000718266
1
0.587807
-0.0131306
0.000498089
0
0.00966541
0.433934
-0.000105461
0
-0.000424565
0.000125505
0.501258
0
-0.339657
0.280401
-0.000729442
1
0.587662
-0.0206178
0.000512549
0
0.0152169
0.433869
-9.91188e-05
0
-0.000433004
0.000128614
0.501314
0
-0.362996
0.290433
-0.000734448
1
0.587524
-0.0244434
0.000512516
0
0.0180447
0.433774
-0.000102498
0
-0.000431813
0.000135934
0.501322
0
-0.375003
0.295454
-0.000720143
1
0.588025
-0.0041077
0.000511833
0
0.00303286
0.434147
-0.000104737
0
-0.000435391
0.00012395
0.501327
0
-0.366603
0.266407
-0.000709146
1
0.588025
-0.0041078
0.000511813
0
0.00303294
0.434147
-0.000104701
0
-0.000435401
0.000123907
0.501327
0
-0.366603
0.266407
-0.000709265
1
0.587985
0.000890672
0.000512202
0
-0.000674725
0.434084
-0.000106396
0
-0.000436445
0.000118665
0.501284
0
-0.362636
0.259533
-0.000742435
1
0.587582
0.0166058
0.000513741
0
-0.0123283
0.433681
-0.00011185
0
-0.000439377
0.000102097
0.501147
0
-0.349707
0.238198
-0.000846982
1
0.586622
0.0349804
0.000515188
0
-0.0259336
0.432874
-0.000116747
0
-0.000442028
8.39029e-05
0.501024
0
-0.333805
0.213701
-0.000941068
1
0.584602
0.0591561
0.000516249
0
-0.0437933
0.431328
-0.000119375
0
-0.000445145
6.34696e-05
0.500962
0
-0.311679
0.182123
-0.000989139
1
0.581632
0.083271
0.000516646
0
-0.0615914
0.429115
-0.000120172
0
-0.000447369
4.43216e-05
0.500942
0
-0.288057
0.15154
-0.00100449
1
0.57761
0.108433
0.000515478
0
-0.0801274
0.426232
-0.000115739
0
-0.000449567
2.86382e-05
0.501053
0
-0.261935
0.120418
-0.000920206
1
0.57268
0.132608
0.000514226
0
-0.0979428
0.422678
-0.00011133
0
-0.000451243
1.33421e-05
0.50116
0
-0.235095
0.0916145
-0.000838578
1
0.567319
0.154396
0.000512643
0
-0.114006
0.4188
-0.000107201
0
-0.000452136
-7.05943e-07
0.501257
0
-0.209423
0.0666186
-0.000763744
1
0.562272
0.172145
0.000511635
0
-0.127098
0.41513
-0.000104431
0
-0.000452582
-1.26809e-05
0.501323
0
-0.187419
0.0469942
-0.000713408
1
0.559478
0.180954
0.000512078
0
-0.133604
0.413052
-0.000105454
0
-0.000452236
-2.01631e-05
0.501306
0
-0.176064
0.0376504
-0.000725895
1
0.556834
0.18867
0.000504157
0
-0.139326
0.411061
-0.000108771
0
-0.000447384
-2.52444e-05
0.501246
0
-0.16106
0.02777
-0.000744134
1
0.554761
0.193851
0.000471721
0
-0.143243
0.40941
-0.000118962
0
-0.00042908
-2.38717e-05
0.501058
0
-0.134651
0.0154149
-0.000781476
1
0.552251
0.199293
0.000414408
0
-0.147428
0.407293
-0.000140261
0
-0.00039734
-1.89152e-05
0.500674
0
-0.101372
0.00205815
-0.000885844
1
0.548258
0.206085
0.000276627
0
-0.152815
0.403582
-0.000199717
0
-0.000321359
-1.22935e-06
0.499652
0
-0.0440216
-0.0153777
-0.00120988
1
0.544272
0.213818
0.000187383
0
-0.158677
0.400006
-0.00024751
0
-0.00027126
1.08164e-05
0.498912
0
0.0189735
-0.0332889
-0.00146145
1
0.540132
0.224442
0.00022162
0
-0.166314
0.396868
-0.000251461
0
-0.00029025
-2.40467e-06
0.498944
0
0.0998763
-0.0563088
-0.00149846
1
0.53595
0.235481
0.00028194
0
-0.174195
0.393969
-0.000236837
0
-0.000321404
-2.05599e-05
0.49926
0
0.183193
-0.0752535
-0.00141385
1
0.531905
0.248092
0.000414655
0
-0.183221
0.39194
-0.000165531
0
-0.000391392
-5.30574e-05
0.500425
0
0.274733
-0.0928873
-0.000957459
1
