0.554164
0.19532
0.000462608
0
-0.144352
0.408934
-0.000121983
0
-0.000423938
-2.33501e-05
0.501004
0
-0.127117
0.0120053
-0.000792205
1
0.514788
0.281665
0.000440761
0
-0.207704
0.379252
-0.000173178
0
-0.000394405
-9.03998e-05
0.500297
0
0.544083
-0.085099
-0.00113434
1
0.514657
0.281994
0.000443466
0
-0.207953
0.379186
-0.000170767
0
-0.000395984
-9.11541e-05
0.500333
0
0.546685
-0.0848953
-0.00111908
1
0.512769
0.286699
0.000481424
0
-0.21154
0.378218
-0.000135735
0
-0.000419379
-0.000102272
0.500857
0
0.583829
-0.0813447
-0.000898242
1
0.512576
0.287422
0.00049166
0
-0.212114
0.378198
-0.00012563
0
-0.000426117
-0.000104586
0.501011
0
0.594321
-0.0791118
-0.000844598
1
0.512654
0.287765
0.000503812
0
-0.212422
0.378408
-0.000112927
0
-0.000434454
-0.000106553
0.501208
0
0.607288
-0.0753261
-0.000786483
1
0.514043
0.285468
0.000507798
0
-0.210747
0.379494
-0.0001081
0
-0.00043789
-0.00010482
0.501285
0
0.607242
-0.0709494
-0.000782251
1
0.516922
0.280108
0.000503318
0
-0.206771
0.381587
-0.000111528
0
-0.00043632
-9.90517e-05
0.50124
0
0.593136
-0.0654845
-0.000835866
1
0.520993
0.272511
0.00050483
0
-0.201171
0.384606
-0.000109939
0
-0.000438443
-9.30578e-05
0.501259
0
0.570095
-0.0580257
-0.000842184
1
0.525651
0.263545
0.000509196
0
-0.194572
0.388081
-0.000106137
0
-0.000442233
-8.65124e-05
0.501309
0
0.542075
-0.048887
-0.000827342
1
0.531341
0.25174
0.000503708
0
-0.18584
0.392243
-0.000110269
0
-0.000440915
-7.49491e-05
0.501259
0
0.503938
-0.0366398
-0.000836223
1
0.537609
0.237737
0.000492121
0
-0.17547
0.396782
-0.000119386
0
-0.000436439
-6.0061e-05
0.501148
0
0.458488
-0.0211219
-0.000859141
1
0.543842
0.222734
0.000478481
0
-0.16437
0.401284
-0.000129966
0
-0.000430624
-4.34723e-05
0.501027
0
0.409618
-0.00449806
-0.000879675
1
0.54983
0.207093
0.000463806
0
-0.152808
0.405597
-0.000141287
0
-0.000423927
-2.61646e-05
0.500901
0
0.359006
0.0138001
-0.000898868
1
0.555802
0.190212
0.000453793
0
-0.140355
0.409939
-0.000148661
0
-0.000419407
-9.27597e-06
0.500827
0
0.304486
0.0331734
-0.000899434
1
0.560655
0.175239
0.000447705
0
-0.129318
0.413487
-0.000153014
0
-0.000416525
4.94719e-06
0.500789
0
0.256511
0.0509531
-0.000890732
1
0.565967
0.157321
0.000448235
0
-0.116119
0.417421
-0.000152284
0
-0.000416968
1.91461e-05
0.500809
0
0.199289
0.0720591
-0.000866383
1
0.570963
0.138532
0.000457177
0
-0.102277
0.421183
-0.000145204
0
-0.00042162
3.14172e-05
0.500897
0
0.139579
0.0941862
-0.000826806
1
0.575357
0.119765
0.000474079
0
-0.0884385
0.424545
-0.000132883
0
-0.000430357
4.10173e-05
0.501034
0
0.0800094
0.116133
-0.000783563
1
0.579268
0.100491
0.000499931
0
-0.0742043
0.427597
-0.00011434
0
-0.000443956
4.81643e-05
0.501227
0
0.0188669
0.138358
-0.000735551
1
0.582226
0.081783
0.000500503
0
-0.0603946
0.429797
-0.00011345
0
-0.000442296
6.30002e-05
0.501246
0
-0.0404147
0.16067
-0.00072515
1
0.584281
0.0636476
0.0004737
0
-0.0470452
0.431175
-0.000131428
0
-0.000424342
8.49217e-05
0.501077
0
-0.0978949
0.182684
-0.00075224
1
0.585851
0.0456909
0.000458018
0
-0.0338233
0.432267
-0.000141041
0
-0.000412105
0.000102535
0.50099
0
-0.154629
0.204957
-0.00076133
1
0.586922
0.0286349
0.000453634
0
-0.0212485
0.433058
-0.000142213
0
-0.000405992
0.000115693
0.500983
0
-0.2084
0.226466
-0.000753701
1
0.587502
0.0148156
0.000459419
0
-0.0110381
0.433538
-0.000134543
0
-0.000405868
0.000121269
0.501042
0
-0.25196
0.24402
-0.000739425
1
0.587793
0.0025062
0.000469826
0
-0.00192488
0.433826
-0.000122277
0
-0.000408768
0.000123154
0.501132
0
-0.290638
0.259931
-0.000721902
1
0.587847
-0.00763626
0.000485947
0
0.00559092
0.433928
-0.000111563
0
-0.000417126
0.00012463
0.501212
0
-0.322428
0.273206
-0.000722349
1
0.587754
-0.016675
0.000505977
0
0.0122944
0.433917
-0.000101509
0
-0.000429369
0.000126144
0.501288
0
-0.350709
0.28514
-0.00073415
1
0.587616
-0.0219756
0.000512497
0
0.0162206
0.433838
-0.000100309
0
-0.000432637
0.000131248
0.501317
0
-0.367265
0.292204
-0.000729203
1
0.587467
-0.025858
0.000512491
0
0.0190904
0.433733
-0.000103714
0
-0.000431294
0.000138666
0.501324
0
-0.379428
0.297333
-0.000714958
1
0.588025
-0.00410783
0.000511784
0
0.00303293
0.434147
-0.000104696
0
-0.000435416
0.000123911
0.501327
0
-0.366603
0.266407
-0.000709206
1
0.588025
-0.0041078
0.000511813
0
0.00303294
0.434147
-0.000104701
0
-0.000435401
0.000123907
0.501327
0
-0.366603
0.266407
-0.000709265
1
0.587887
0.0066203
0.000512856
0
-0.00492426
0.433973
-0.000108408
0
-0.000437498
0.000112547
0.501234
0
-0.358001
0.251706
-0.000780612
1
0.587298
0.0229761
0.000514423
0
-0.0170506
0.433428
-0.000114055
0
-0.000440377
9.53116e-05
0.501091
0
-0.344269
0.22967
-0.00088954
1
0.585947
0.0444923
0.000515644
0
-0.0329609
0.432354
-0.000117753
0
-0.000443339
7.5845e-05
0.501
0
-0.325296
0.201156
-0.000960112
1
0.583547
0.0685314
0.000516613
0
-0.0507181
0.430528
-0.000120394
0
-0.00044601
5.55124e-05
0.500938
0
-0.302652
0.170151
-0.00100771
1
0.580114
0.0936149
0.000516193
0
-0.0692104
0.42803
-0.000118358
0
-0.000448343
3.79328e-05
0.500988
0
-0.277542
0.138608
-0.000969827
1
0.57563
0.118777
0.000515006
0
-0.0877492
0.424806
-0.00011388
0
-0.000450442
2.21487e-05
0.501098
0
-0.25066
0.107959
-0.000885427
1
0.570785
0.140724
0.000513657
0
-0.103926
0.421309
-0.000109827
0
-0.000451587
8.123e-06
0.501196
0
-0.225699
0.0821958
-0.000810742
1
0.565073
0.162589
0.000512106
0
-0.120048
0.417173
-0.000105631
0
-0.000452421
-6.01634e-06
0.501294
0
-0.199396
0.0574605
-0.000735462
1
0.561264
0.175378
0.000511853
0
-0.129486
0.41438
-0.000104887
0
-0.000452466
-1.53687e-05
0.501317
0
-0.183279
0.0435458
-0.000717878
1
0.558409
0.1842
0.000512196
0
-0.136002
0.412258
-0.00010583
0
-0.000452142
-2.28975e-05
0.5013
0
-0.171817
0.0342476
-0.000730425
1
0.555979
0.190823
0.000490649
0
-0.140954
0.41038
-0.00011293
0
-0.000439725
-2.47657e-05
0.501168
0
-0.150118
0.0225747
-0.000759631
1
0.554002
0.195717
0.000460124
0
-0.144652
0.408804
-0.000122767
0
-0.000422518
-2.32831e-05
0.50099
0
-0.125076
0.0110907
-0.000795156
1
0.550688
0.20196
0.000359793
0
-0.149555
0.40585
-0.000163101
0
-0.000367553
-1.23214e-05
0.500273
0
-0.0789009
-0.00511837
-0.00101194
1
0.546531
0.208999
0.000218911
0
-0.155093
0.401957
-0.000226675
0
-0.000289013
7.44127e-06
0.499213
0
-0.0193077
-0.0220096
-0.00135142
1
0.542674
0.217996
0.000200679
0
-0.161682
0.398791
-0.000249218
0
-0.00027877
5.83194e-06
0.498924
0
0.0506427
-0.0430196
-0.00147575
1
0.538114
0.229396
0.000237877
0
-0.169871
0.395352
-0.000252714
0
-0.00029886
-9.24245e-06
0.498959
0
0.137971
-0.0650846
-0.0015164
1
0.534381
0.240523
0.000335618
0
-0.177775
0.393182
-0.000209467
0
-0.000349237
-3.27397e-05
0.499724
0
0.219597
-0.0831923
-0.00123355
1
0.530217
0.253023
0.000465031
0
-0.186817
0.391088
-0.000135085
0
-0.000419164
-6.76978e-05
0.500885
0
0.310906
-0.0977364
-0.00077337
1
0.525336
0.262987
0.000477112
0
-0.194132
0.387475
-0.000133617
0
-0.00042423
-8.28914e-05
0.500871
0
0.390326
-0.0994189
-0.000811607
1
0.518935
0.273148
0.00041457
0
-0.201439
0.382029
-0.000192108
0
-0.000381943
-8.07103e-05
0.499989
0
0.47552
-0.0913551
-0.00123993
1
0.515547
0.279737
0.000424793
0
-0.206248
0.379633
-0.000187177
0
-0.000384916
-8.62181e-05
0.500084
0
0.528823
-0.0861793
-0.00122303
1
0.513444
0.285028
0.000468157
0
-0.210261
0.378567
-0.000148337
0
-0.000411089
-9.81838e-05
0.50067
0
0.570658
-0.082741
-0.000977248
1
0.512587
0.28747
0.000493356
0
-0.212156
0.378227
-0.000123847
0
-0.000427241
-0.00010482
0.501038
0
0.596128
-0.0785914
-0.000836462
1
0.512663
0.287807
0.000505344
0
-0.21246
0.378434
-0.000111425
0
-0.000435523
-0.000106791
0.501232
0
0.60885
-0.074862
-0.000779361
1
0.514279
0.285034
0.000507374
0
-0.210425
0.379666
-0.000108391
0
-0.000437818
-0.000104429
0.501281
0
0.606097
-0.070515
-0.000786364
1
0.516739
0.280453
0.000503497
0
-0.207026
0.381454
-0.000111278
0
-0.000436487
-9.9469e-05
0.501243
0
0.594042
-0.0658429
-0.00083226
1
0.52064
0.273177
0.00050455
0
-0.201661
0.384342
-0.00011027
0
-0.00043818
-9.35309e-05
0.501255
0
0.572183
-0.0586802
-0.000843227
1
0.525549
0.263745
0.000509066
0
-0.194719
0.388005
-0.000106206
0
-0.000442168
-8.67061e-05
0.501308
0
0.542698
-0.0490974
-0.0008277
1
0.531131
0.252192
0.000504089
0
-0.186174
0.392092
-0.000110012
0
-0.000441071
-7.54017e-05
0.501263
0
0.505414
-0.0371174
-0.00083527
1
0.537276
0.238507
0.000492767
0
-0.17604
0.396541
-0.000118889
0
-0.000436601
-6.08619e-05
0.501154
0
0.460971
-0.0220117
-0.000857949
1
0.542928
0.225009
0.000480669
0
-0.166052
0.400625
-0.000128299
0
-0.000431529
-4.60204e-05
0.501046
0
0.417042
-0.00701642
-0.000876933
1
0.549083
0.209117
0.000465711
0
-0.154304
0.40506
-0.000139832
0
-0.00042472
-2.83793e-05
0.500917
0
0.365517
0.011335
-0.000896394
1
0.555085
0.192315
0.000454538
0
-0.141905
0.409415
-0.000148036
0
-0.000419812
-1.12597e-05
0.500832
0
0.311277
0.0308005
-0.000900418
1
0.561422
0.172742
0.000446759
0
-0.127478
0.414047
-0.000153741
0
-0.00041606
7.27922e-06
0.500783
0
0.248576
0.054068
-0.000889331
1
0.566686
0.154762
0.000449482
0
-0.114235
0.417962
-0.000151331
0
-0.000417718
2.08262e-05
0.500821
0
0.191096
0.0749311
-0.000860959
1
0.571582
0.136017
0.000458378
0
-0.100423
0.42165
-0.000144282
0
-0.000422153
3.31327e-05
0.500909
0
0.131667
0.0973293
-0.000821471
1
0.575927
0.117151
0.000477502
0
-0.0865097
0.424988
-0.000130352
0
-0.000432231
4.19337e-05
0.50106
0
0.07165
0.119002
-0.000776827
1
0.579785
0.0976698
0.000503808
0
-0.0721191
0.428002
-0.000111649
0
-0.000445897
4.92688e-05
0.501256
0
0.010017
0.141817
-0.000728905
1
0.582532
0.079375
0.000496932
0
-0.0586212
0.430004
-0.000115801
0
-0.00044002
6.5947e-05
0.501223
0
-0.0481157
0.163472
-0.000728875
1
0.584516
0.0611897
0.000470087
0
-0.0452374
0.43133
-0.000133898
0
-0.000421911
8.78498e-05
0.501054
0
-0.105592
0.185829
-0.000755936
1
0.585928
0.0446803
0.000457799
0
-0.0330783
0.432324
-0.000141114
0
-0.000411732
0.000103367
0.500989
0
-0.157845
0.20618
-0.000761062
1
0.586812
0.0308306
0.000454259
0
-0.0228673
0.432977
-0.000142071
0
-0.000406819
0.000114076
0.500984
0
-0.201539
0.223595
-0.000754744
1
0.587425
0.0169658
0.000457445
0
-0.0126293
0.433468
-0.000136608
0
-0.000405285
0.000120906
0.501026
0
-0.245146
0.241338
-0.000742406
1
0.587762
0.00460492
0.000468105
0
-0.00347908
0.43379
-0.000124343
0
-0.000408337
0.000122894
0.501116
0
-0.284084
0.257151
-0.000725031
1
0.587849
-0.0064187
0.00048317
0
0.00468821
0.433922
-0.000112906
0
-0.000415578
0.000124475
0.501201
0
-0.318595
0.271637
-0.00072071
1
0.587768
-0.0158427
0.000504203
0
0.011677
0.433923
-0.000102507
0
-0.000428243
0.000126027
0.501281
0
-0.348119
0.28402
-0.000733048
1
0.587617
-0.0219405
0.000512507
0
0.0161946
0.433838
-0.000100281
0
-0.000432607
0.000131153
0.501317
0
-0.367155
0.292158
-0.000729412
1
0.587471
-0.0257585
0.000512464
0
0.0190168
0.433736
-0.000103595
0
-0.000431289
0.000138381
0.501324
0
-0.379117
0.297201
-0.000715315
1
0.588025
-0.00410786
0.000511763
0
0.00303293
0.434147
-0.000104662
0
-0.000435401
0.000123873
0.501327
0
-0.366603
0.266407
-0.000709146
1
0.588025
-0.0041078
0.000511813
0
0.00303294
0.434147
-0.000104701
0
-0.000435401
0.000123907
0.501327
0
-0.366603
0.266407
-0.000709265
1
0.587892
0.00636524
0.000512759
0
-0.00473507
0.433979
-0.000108304
0
-0.000437515
0.000112921
0.501236
0
-0.35821
0.252053
-0.000778735
1
0.587304
0.0228579
0.000514388
0
-0.0169629
0.433433
-0.000114011
0
-0.000440308
9.54587e-05
0.501092
0
-0.344371
0.229828
-0.000888824
1
0.585978
0.0440982
0.000515544
0
-0.0326699
0.432378
-0.000117714
0
-0.000443289
7.62027e-05
0.501001
0
-0.325654
0.201672
-0.000959188
1
0.583569
0.068343
0.000516624
0
-0.0505789
0.430545
-0.000120375
0
-0.000446015
5.56596e-05
0.500938
0
-0.302836
0.17039
-0.0010075
1
0.580332
0.0922068
0.000516226
0
-0.0681731
0.428185
-0.000118611
0
-0.000448188
3.88194e-05
0.500981
0
-0.278991
0.140357
-0.000974625
1
0.575826
0.117793
0.000514985
0
-0.0870242
0.424948
-0.00011399
0
-0.000450384
2.2782e-05
0.501094
0
-0.251746
0.109135
-0.000888735
1
0.570787
0.140717
0.000513637
0
-0.103921
0.42131
-0.000109782
0
-0.000451609
8.11927e-06
0.501196
0
-0.225708
0.0822043
-0.000810832
1
0.565137
0.16236
0.000512137
0
-0.119879
0.41722
-0.00010569
0
-0.000452444
-5.87292e-06
0.501293
0
-0.199679
0.0577142
-0.000736356
1
0.561239
0.175458
0.000511831
0
-0.129545
0.414361
-0.000104852
0
-0.000452446
-1.55047e-05
0.501316
0
-0.183176
0.043461
-0.000717998
1
0.558417
0.184176
0.000512196
0
-0.135983
0.412264
-0.000105834
0
-0.000452187
-2.28751e-05
0.5013
0
-0.171849
0.0342737
-0.000730425
1
0.556131
0.190442
0.000493085
0
-0.140666
0.410501
-0.000112263
0
-0.000441193
-2.48458e-05
0.501182
0
-0.152057
0.0234872
-0.0007568
1
0.553977
0.195777
0.000459731
0
-0.144697
0.408784
-0.000122922
0
-0.000422329
-2.32495e-05
0.500988
0
-0.124766
0.0109523
-0.000795513
1
0.550697
0.201945
0.000360148
0
-0.149543
0.405858
-0.000162968
0
-0.000367685
-1.24127e-05
0.500275
0
-0.0790264
-0.00507969
-0.00101143
1
0.546813
0.208524
0.000228234
0
-0.154723
0.402223
-0.00022223
0
-0.000294324
6.01076e-06
0.499285
0
-0.0233411
-0.020963
-0.00132796
1
0.542727
0.217858
0.000200343
0
-0.161583
0.398831
-0.000249257
0
-0.000278542
6.08526e-06
0.498924
0
0.0495945
-0.0427124
-0.00147524
1
0.538443
0.228598
0.000235309
0
-0.169298
0.395599
-0.000252564
0
-0.000297494
-8.11368e-06
0.498957
0
0.131821
-0.0637556
-0.00151354
1
0.534356
0.2406
0.00033644
0
-0.177831
0.39317
-0.000209047
0
-0.00034969
-3.29129e-05
0.499731
0
0.220158
-0.0833046
-0.00123078
1
