0.541901
0.227536
0.000483026
0
-0.167921
0.399883
-0.000126492
0
-0.000432559
-4.8859e-05
0.501066
0
0.425302
-0.00976944
-0.000873715
1
0.583687
0.0694373
0.000482215
0
-0.0513051
0.43078
-0.000125667
0
-0.00043014
7.80039e-05
0.501131
0
-0.0796754
0.175429
-0.000743836
1
0.583877
0.0676506
0.00047951
0
-0.0499903
0.430907
-0.00012742
0
-0.00042832
8.00975e-05
0.501114
0
-0.0853111
0.177645
-0.000746369
1
0.585136
0.0541337
0.000460175
0
-0.040048
0.431739
-0.000140466
0
-0.000415095
9.59635e-05
0.500993
0
-0.127617
0.194987
-0.000765204
1
0.586351
0.0386781
0.000456234
0
-0.028653
0.432636
-0.000141563
0
-0.000409609
0.000108013
0.500987
0
-0.176868
0.21358
-0.000758171
1
0.587242
0.0213948
0.00045374
0
-0.0159065
0.433305
-0.000141008
0
-0.000404223
0.000120254
0.500994
0
-0.231056
0.235903
-0.000748873
1
0.587644
0.0101021
0.000463353
0
-0.00754925
0.433671
-0.000129811
0
-0.000406928
0.000121998
0.501076
0
-0.266837
0.250002
-0.00073263
1
0.587836
-0.00209504
0.000473889
0
0.00148314
0.433884
-0.000117689
0
-0.000409909
0.000123866
0.501165
0
-0.304949
0.266119
-0.000715703
1
0.587828
-0.0110862
0.000493623
0
0.00814909
0.433937
-0.000107741
0
-0.000421841
0.000125194
0.501241
0
-0.33326
0.277702
-0.000726819
1
0.587685
-0.0198922
0.000512579
0
0.0146806
0.433886
-9.85079e-05
0
-0.000433248
0.000127232
0.501313
0
-0.360713
0.28949
-0.000737011
1
0.587565
-0.0233824
0.000512522
0
0.0172604
0.433802
-0.000101563
0
-0.000432182
0.000133947
0.50132
0
-0.371679
0.294052
-0.000724077
1
0.587415
-0.0270745
0.000512484
0
0.0199896
0.433697
-0.000104757
0
-0.000430823
0.000140935
0.501327
0
-0.383226
0.298959
-0.000710487
1
0.588025
-0.0041078
0.000511843
0
0.00303295
0.434147
-0.000104703
0
-0.000435371
0.000123885
0.501327
0
-0.366603
0.266407
-0.000709325
1
0.588023
-0.00364971
0.000511816
0
0.00269309
0.434142
-0.000104839
0
-0.000435426
0.00012338
0.501323
0
-0.366242
0.265776
-0.000712276
1
0.587734
0.012292
0.000513325
0
-0.00913
0.433822
-0.000110323
0
-0.00043854
0.000106566
0.501184
0
-0.353324
0.244013
-0.000818431
1
0.586975
0.0288537
0.000514959
0
-0.0214068
0.433149
-0.000116087
0
-0.000441173
8.90493e-05
0.50104
0
-0.339151
0.221863
-0.0009287
1
0.585088
0.054302
0.000516033
0
-0.0402078
0.431698
-0.000118848
0
-0.000444563
6.75358e-05
0.500974
0
-0.316254
0.188382
-0.000979424
1
0.582325
0.0780686
0.000517003
0
-0.0577598
0.429609
-0.000121165
0
-0.000446874
4.7544e-05
0.50092
0
-0.293229
0.158116
-0.00102186
1
0.578453
0.103696
0.00051576
0
-0.0766372
0.426838
-0.000116633
0
-0.000449245
3.16426e-05
0.501032
0
-0.266994
0.126189
-0.000936002
1
0.573684
0.128077
0.00051456
0
-0.094603
0.423403
-0.000112187
0
-0.000450988
1.62181e-05
0.50114
0
-0.240254
0.0969271
-0.000854105
1
0.568627
0.149397
0.000513027
0
-0.110319
0.419748
-0.000108117
0
-0.000451995
2.56486e-06
0.501235
0
-0.215442
0.0722724
-0.000781029
1
0.562964
0.169888
0.000511566
0
-0.125431
0.415644
-0.000104213
0
-0.000452564
-1.07717e-05
0.501327
0
-0.190288
0.0494145
-0.000710189
1
0.560237
0.178606
0.000511982
0
-0.13187
0.413617
-0.00010523
0
-0.000452389
-1.81254e-05
0.50131
0
-0.179114
0.0401242
-0.000722438
1
0.557306
0.187471
0.000511718
0
-0.138419
0.411436
-0.000106446
0
-0.000451582
-2.54884e-05
0.50129
0
-0.16713
0.0307004
-0.000735641
1
0.555115
0.192974
0.000477311
0
-0.142581
0.409692
-0.000117237
0
-0.000432164
-2.41604e-05
0.50109
0
-0.139138
0.0174701
-0.000775307
1
0.553224
0.197613
0.000448312
0
-0.146083
0.408182
-0.000126608
0
-0.000415788
-2.26405e-05
0.50092
0
-0.11531
0.00676405
-0.000809163
1
0.54886
0.205066
0.00029705
0
-0.152013
0.404146
-0.000190588
0
-0.000332874
-4.03449e-06
0.499806
0
-0.0526496
-0.012939
-0.00116041
1
0.545204
0.211331
0.000179498
0
-0.156887
0.400719
-0.000246339
0
-0.000266751
1.36774e-05
0.498904
0
0.000231147
-0.0270859
-0.00145331
1
0.541214
0.221728
0.00021278
0
-0.164365
0.397685
-0.000250567
0
-0.000285399
1.14366e-06
0.498936
0
0.0790976
-0.0509705
-0.00148889
1
0.53697
0.232146
0.000247035
0
-0.171844
0.394495
-0.00025332
0
-0.000303641
-1.3236e-05
0.498968
0
0.1592
-0.0694122
-0.00152659
1
0.532686
0.245749
0.000390463
0
-0.181526
0.392333
-0.000179473
0
-0.00037833
-4.65252e-05
0.500207
0
0.257613
-0.0901757
-0.0010438
1
0.525035
0.263475
0.000473978
0
-0.194486
0.387217
-0.000136346
0
-0.000422167
-8.29231e-05
0.500829
0
0.394451
-0.0991678
-0.000831723
1
0.522802
0.267059
0.000451287
0
-0.19708
0.38531
-0.000156632
0
-0.000407334
-8.24388e-05
0.500518
0
0.424682
-0.0968981
-0.00098148
1
0.516761
0.276612
0.000398531
0
-0.203903
0.380236
-0.00020933
0
-0.000369726
-7.9779e-05
0.49974
0
0.504047
-0.0875122
-0.00136602
1
0.514633
0.282056
0.000443976
0
-0.208
0.379174
-0.000170333
0
-0.0003963
-9.12491e-05
0.50034
0
0.547178
-0.0848559
-0.0011161
1
0.512541
0.287263
0.000485907
0
-0.211972
0.378101
-0.000131415
0
-0.000422249
-0.000103686
0.50092
0
0.588321
-0.0808217
-0.000871241
1
0.512616
0.287601
0.000498037
0
-0.212274
0.378308
-0.000119036
0
-0.000430402
-0.000105588
0.501113
0
0.601075
-0.0771553
-0.000814408
1
0.51285
0.28765
0.000509599
0
-0.212365
0.378627
-0.000106748
0
-0.000438636
-0.000107275
0.501304
0
0.613001
-0.0731115
-0.000760049
1
0.515663
0.282469
0.000505269
0
-0.208521
0.380672
-0.000110066
0
-0.000437042
-0.000101641
0.50126
0
0.59934
-0.0679178
-0.000812113
1
0.517763
0.278517
0.000501887
0
-0.20559
0.382198
-0.000112507
0
-0.000435863
-9.7381e-05
0.501226
0
0.58896
-0.0638206
-0.000851572
1
0.522738
0.269196
0.000506395
0
-0.198731
0.385908
-0.000108538
0
-0.000439903
-9.06829e-05
0.501277
0
0.55971
-0.054715
-0.000836521
1
0.527252
0.260375
0.000510668
0
-0.192238
0.389276
-0.000104789
0
-0.000443541
-8.42642e-05
0.501326
0
0.532215
-0.0455154
-0.000822157
1
0.533658
0.246678
0.000499578
0
-0.18209
0.393922
-0.000113586
0
-0.000439277
-6.94878e-05
0.501219
0
0.48744
-0.0311914
-0.000844657
1
0.539685
0.232872
0.000488093
0
-0.171869
0.398283
-0.000122553
0
-0.000434783
-5.49443e-05
0.501109
0
0.442813
-0.0154345
-0.000867069
1
0.546017
0.217207
0.000473269
0
-0.160283
0.402851
-0.000133915
0
-0.000428171
-3.73106e-05
0.500983
0
0.391649
0.00177252
-0.000886738
1
0.552237
0.200416
0.000457881
0
-0.147878
0.407332
-0.000145636
0
-0.000421203
-1.90586e-05
0.500853
0
0.337568
0.0219456
-0.000905186
1
0.55812
0.18323
0.000450982
0
-0.135208
0.411634
-0.000150707
0
-0.000418163
-2.60025e-06
0.500809
0
0.28203
0.0412731
-0.000895381
1
0.563492
0.1658
0.000444243
0
-0.122363
0.415561
-0.000155464
0
-0.000414693
1.36234e-05
0.500768
0
0.22659
0.0628586
-0.000884801
1
0.568751
0.147159
0.000453092
0
-0.108634
0.419517
-0.000148473
0
-0.000419518
2.58218e-05
0.500857
0
0.16686
0.0837311
-0.000844806
1
0.573239
0.129029
0.000461747
0
-0.0952722
0.422901
-0.000141658
0
-0.000423651
3.77465e-05
0.500942
0
0.109792
0.10628
-0.000807077
1
0.577431
0.109959
0.000487235
0
-0.0811997
0.42616
-0.000123471
0
-0.000437345
4.45731e-05
0.501133
0
0.0487568
0.127132
-0.000759006
1
0.581164
0.0895903
0.000512089
0
-0.0661469
0.429074
-0.000105673
0
-0.000449922
5.32568e-05
0.501319
0
-0.0153016
0.151843
-0.000713199
1
0.583786
0.0685126
0.000480944
0
-0.0506247
0.430846
-0.000126613
0
-0.00042919
7.91308e-05
0.501122
0
-0.0825935
0.176573
-0.000745267
1
0.585091
0.0546223
0.000460396
0
-0.0404081
0.431706
-0.000140384
0
-0.000415278
9.55947e-05
0.500994
0
-0.126049
0.194418
-0.000765353
1
0.58634
0.0388464
0.000456223
0
-0.0287771
0.432628
-0.0001415
0
-0.000409663
0.00010787
0.500987
0
-0.176336
0.213369
-0.000758231
1
0.587183
0.0226506
0.000452661
0
-0.0168355
0.433254
-0.000142219
0
-0.000403888
0.000120014
0.500984
0
-0.227048
0.234385
-0.000750721
1
0.587648
0.00997061
0.000463463
0
-0.00745186
0.433674
-0.000129709
0
-0.000407035
0.000121992
0.501077
0
-0.267251
0.25017
-0.000732362
1
0.587837
-0.00227517
0.000474005
0
0.00161658
0.433886
-0.000117479
0
-0.000409964
0.00012392
0.501167
0
-0.305507
0.266364
-0.000715554
1
0.587824
-0.0114955
0.000494513
0
0.00845271
0.433936
-0.000107277
0
-0.000422372
0.000125276
0.501244
0
-0.334542
0.278241
-0.000727355
1
0.587689
-0.0197734
0.000512522
0
0.0145928
0.433888
-9.83793e-05
0
-0.000433295
0.00012701
0.501313
0
-0.360338
0.289336
-0.000737518
1
0.587566
-0.0233492
0.000512504
0
0.0172359
0.433803
-0.000101514
0
-0.000432157
0.000133816
0.501319
0
-0.371575
0.294009
-0.000724196
1
0.587412
-0.027142
0.000512517
0
0.0200394
0.433695
-0.000104856
0
-0.000430848
0.000141097
0.501327
0
-0.383437
0.29905
-0.000710011
1
0.588025
-0.0041078
0.000511843
0
0.00303295
0.434147
-0.000104703
0
-0.000435371
0.000123885
0.501327
0
-0.366603
0.266407
-0.000709325
1
0.588015
-0.00228925
0.000511996
0
0.00168391
0.434128
-0.000105314
0
-0.000435752
0.000121983
0.501311
0
-0.365168
0.263901
-0.000721455
1
0.58772
0.0127487
0.000513466
0
-0.00946861
0.433809
-0.000110524
0
-0.000438639
0.000106128
0.50118
0
-0.352944
0.243396
-0.000821501
1
0.586933
0.0296337
0.000514925
0
-0.0219833
0.433116
-0.000116209
0
-0.000441241
8.83937e-05
0.501038
0
-0.338475
0.220821
-0.00093022
1
0.585117
0.0539977
0.000516
0
-0.0399829
0.43172
-0.000118788
0
-0.000444534
6.78524e-05
0.500975
0
-0.316538
0.188776
-0.000978947
1
0.582408
0.0774184
0.000516982
0
-0.0572809
0.429669
-0.000121227
0
-0.000446744
4.79463e-05
0.500917
0
-0.29387
0.158942
-0.00102404
1
0.578726
0.102108
0.000515805
0
-0.0754672
0.427034
-0.000116821
0
-0.000449038
3.25851e-05
0.501025
0
-0.268675
0.128133
-0.000941575
1
0.573751
0.127769
0.000514529
0
-0.0943765
0.423452
-0.000112237
0
-0.000451005
1.64155e-05
0.501138
0
-0.240602
0.0972888
-0.000854969
1
0.568636
0.149362
0.000513013
0
-0.110294
0.419754
-0.000108154
0
-0.000451995
2.59839e-06
0.501235
0
-0.215483
0.0723116
-0.000781029
1
0.562652
0.17091
0.000511622
0
-0.126185
0.415412
-0.000104358
0
-0.000452572
-1.16732e-05
0.501325
0
-0.188991
0.0483179
-0.00071159
1
0.560184
0.178772
0.000511998
0
-0.131992
0.413577
-0.000105266
0
-0.000452373
-1.82427e-05
0.50131
0
-0.178899
0.0399494
-0.000722617
1
0.557334
0.187398
0.000512179
0
-0.138364
0.411458
-0.000106301
0
-0.000451956
-2.55127e-05
0.501292
0
-0.167498
0.0308788
-0.000735134
1
0.555318
0.192471
0.000480411
0
-0.142201
0.409854
-0.000116248
0
-0.000433978
-2.4328e-05
0.501108
0
-0.141709
0.0186551
-0.000771552
1
0.553216
0.197631
0.000448117
0
-0.146097
0.408176
-0.000126604
0
-0.000415753
-2.26442e-05
0.50092
0
-0.115214
0.00672263
-0.000809222
1
0.549283
0.204347
0.000311463
0
-0.151446
0.404543
-0.000184081
0
-0.000340869
-6.05732e-06
0.499914
0
-0.0587316
-0.0111806
-0.00112599
1
0.545224
0.211278
0.000179306
0
-0.156849
0.400734
-0.000246339
0
-0.000266667
1.37165e-05
0.498904
0
-0.000168681
-0.0269497
-0.00145292
1
0.541174
0.221829
0.000213051
0
-0.164437
0.397655
-0.000250623
0
-0.000285581
1.04122e-06
0.498936
0
0.0798634
-0.0511741
-0.00148913
1
0.536752
0.232823
0.000253309
0
-0.172322
0.394372
-0.000250621
0
-0.000306847
-1.4564e-05
0.499017
0
0.16412
-0.0706009
-0.001508
1
0.532564
0.246119
0.000394279
0
-0.181793
0.392272
-0.00017737
0
-0.000380384
-4.75086e-05
0.500241
0
0.260313
-0.090621
-0.00102997
1
0.528414
0.257952
0.000510487
0
-0.190449
0.390118
-0.000105983
0
-0.000444613
-8.27387e-05
0.501307
0
0.347488
-0.101207
-0.00060451
1
0.522796
0.267069
0.000451231
0
-0.197088
0.385304
-0.000156669
0
-0.000407364
-8.24872e-05
0.500517
0
0.424768
-0.0968904
-0.000982076
1
0.516651
0.276897
0.000400858
0
-0.204117
0.380182
-0.000207318
0
-0.000371196
-8.03731e-05
0.499771
0
0.506308
-0.0874122
-0.00135288
1
0.514366
0.282728
0.000449441
0
-0.20851
0.379038
-0.000165416
0
-0.000399681
-9.28789e-05
0.500415
0
0.552488
-0.084419
-0.00108474
1
0.512542
0.287268
0.000486169
0
-0.211977
0.378104
-0.000131207
0
-0.000422404
-0.000103742
0.500923
0
0.588523
-0.0807643
-0.000870436
1
0.512617
0.287603
0.000498068
0
-0.212275
0.378309
-0.000118976
0
-0.000430559
-0.000105605
0.501114
0
0.601141
-0.0771359
-0.00081408
1
0.512818
0.287709
0.000509595
0
-0.212409
0.378604
-0.000106685
0
-0.000438576
-0.000107333
0.501304
0
0.613156
-0.0731692
-0.000759423
1
0.51535
0.283051
0.000505771
0
-0.208953
0.380445
-0.000109674
0
-0.0004372
-0.000102257
0.501265
0
0.600872
-0.0685108
-0.000806242
1
0.518232
0.277654
0.000502325
0
-0.204955
0.382547
-0.000112196
0
-0.000436213
-9.67029e-05
0.50123
0
0.586259
-0.0630004
-0.000850558
1
0.523037
0.268623
0.000506665
0
-0.198309
0.386131
-0.000108304
0
-0.00044011
-9.02154e-05
0.501281
0
0.557918
-0.0541342
-0.000835627
1
0.527813
0.259216
0.000509998
0
-0.19138
0.389685
-0.000105413
0
-0.000443305
-8.30181e-05
0.501319
0
0.528436
-0.044345
-0.000823617
1
0.533705
0.246573
0.000499453
0
-0.182012
0.393956
-0.000113647
0
-0.000439305
-6.93537e-05
0.501218
0
0.487098
-0.0310768
-0.000844777
1
0.539856
0.232466
0.000487671
0
-0.171569
0.398406
-0.000122854
0
-0.000434585
-5.44637e-05
0.501106
0
0.44148
-0.0150121
-0.000867367
1
0.546663
0.215531
0.000471655
0
-0.159044
0.403317
-0.000135161
0
-0.000427596
-3.5448e-05
0.500969
0
0.386218
0.00371611
-0.000888705
1
0.552147
0.200668
0.000458081
0
-0.148064
0.407266
-0.000145622
0
-0.000421319
-1.92747e-05
0.500853
0
0.33839
0.021677
-0.000905275
1
0.558315
0.182631
0.000450785
0
-0.134766
0.411776
-0.000150863
0
-0.00041802
-2.06195e-06
0.500808
0
0.280109
0.0419837
-0.000895202
1
0.563783
0.164827
0.000444666
0
-0.121647
0.41578
-0.000155123
0
-0.000414976
1.4266e-05
0.500773
0
0.223447
0.0638888
-0.000882596
1
0.568889
0.146637
0.000453382
0
-0.108249
0.419621
-0.000148248
0
-0.000419723
2.61534e-05
0.500859
0
0.165203
0.084349
-0.000843853
1
